  1 -7.952  2.392
  1  0.001  0.000
  2  0.003  0.001
  3  0.000  0.001
  4  0.002  0.001
  5 -0.000  0.001
  6  0.000  0.001
  7  0.000  0.001
  8 -0.000  0.001
  9  0.000  0.001
 10 -0.000  0.000
 11 -0.001  0.001
 12 -0.000  0.001
 13  0.000  0.001
 14  0.000  0.001
 15 -0.002  0.001
 16 -0.000  0.001
 17  0.000  0.001
 18 -0.001  0.001
 19  0.000  0.001
 20 -0.001  0.001
 21 -0.000  0.001
 22  0.000  0.000
 23  0.000  0.001
 24 -0.000  0.001
 25 -0.001  0.001
 26  0.001  0.001
 27  0.001  0.001
 28  0.001  0.002
 29 -0.008  0.004
 30 -0.011  0.008
 31  0.294  0.172
 32 -0.013  0.015
 33 -0.113  0.194
 34  0.003  0.004
 35 -0.004  0.005
 36  0.002  0.001
 37  0.004  0.002
 38 -0.005  0.039
 39 -0.001  0.003
 40  0.000  0.002
 41  0.009  0.004
 42  0.001  0.001
 43  0.000  0.001
 44 -0.001  0.001
 45  0.000  0.001
 46  0.000  0.001
 47  0.000  0.001
 48  0.000  0.001
 49  0.000  0.001
 50 -0.000  0.001
 51 -0.000  0.001
 52  0.001  0.001
 53  0.001  0.001
 54  0.001  0.001
 55  0.000  0.001
 56 -0.001  0.001
 57 -0.007  0.004
 58  0.001  0.002
 59  0.003  0.001
 60  0.002  0.001
 61 -0.000  0.002
 62 -0.002  0.001
 63  0.007  0.004
 64  0.001  0.001
 65  0.002  0.001
 66 -0.001  0.001
 67  0.001  0.001
 68 -0.000  0.001
 69 -0.000  0.001
 70  0.000  0.001
 71  0.003  0.001
 72  0.001  0.001
 73  0.006  0.003
 74  0.005  0.003
 75  0.001  0.002
 76  0.002  0.002
 77  0.001  0.001
 78  0.002  0.001
 79  0.009  0.003
 80  0.001  0.001
 81  0.000  0.001
 82  0.000  0.001
 83  0.001  0.001
 84  0.002  0.001
 85 -0.000  0.001
 86  0.000  0.001
 87  0.001  0.001
 88  0.000  0.001
 89 -0.001  0.001
 90  0.000  0.001
 91 -0.000  0.001
 92 -0.000  0.001
 93 -0.000  0.001
 94 -0.000  0.001
 95  0.000  0.001
 96  0.001  0.001
 97  0.003  0.001
 98 -0.001  0.001
 99 -0.003  0.004
100 -0.033  0.010
101 -0.204  0.057
102 -0.200  0.183
103 -0.016  0.029
104 -0.022  0.014
105 -0.019  0.018
106  0.009  0.006
107  0.005  0.003
108  0.002  0.003
109  0.001  0.002
110  0.003  0.001
111  0.003  0.001
112  0.002  0.001
113  0.000  0.001
114  0.001  0.001
115 -0.000  0.001
116 -0.000  0.001
117 -0.001  0.001
118  0.001  0.001
119  0.001  0.001
120  0.002  0.001
121  0.003  0.001
122  0.003  0.001
123 -0.004  0.003
124 -0.030  0.011
125 -0.193  0.106
126 -1.727  1.035
127 -0.071  0.037
128  0.003  0.027
129  0.026  0.010
130  0.025  0.009
131  0.025  0.013
132 -0.455  0.383
133 -0.014  0.055
134 -0.087  0.255
135 -0.426  0.366
136  0.016  0.010
137  0.005  0.014
138 -0.015  0.019
139  0.006  0.003
140  0.006  0.007
141  0.003  0.001
142  0.002  0.002
143  0.002  0.003
144  0.004  0.003
145 -0.001  0.003
146 -0.008  0.005
147 -0.003  0.005
148  0.010  0.005
149  0.020  0.021
150 -0.207  0.184
151 -0.001  0.009
152  0.014  0.024
153 -0.173  0.342
154 -0.465  0.598
155 -0.055  0.103
156 -0.155  0.281
157 -0.252  0.324
158 -0.073  0.313
159 -0.091  0.224
160  0.016  0.013
161  0.012  0.006
162 -0.005  0.005
163  0.008  0.005
164  0.004  0.005
165 -0.041  0.125
166  0.000  0.001
167  0.003  0.001
168 -0.002  0.008
169  0.001  0.001
170  0.001  0.001
171  0.000  0.002
172 -0.001  0.003
173  0.008  0.003
174  0.001  0.001
175  0.006  0.003
176 -0.007  0.013
177  0.002  0.002
178  0.006  0.003
179  0.001  0.004
180 -0.006  0.017
181  0.000  0.004
182  0.007  0.003
183 -0.331  0.289
184 -0.003  0.008
185  0.010  0.004
186  0.004  0.002
187 -0.006  0.006
188  0.000  0.008
189  0.012  0.005
190  0.005  0.003
191 -0.018  0.011
192  0.010  0.005
193  0.003  0.002
194 -0.002  0.002
195  0.000  0.003
196  0.002  0.001
197  0.003  0.001
198  0.000  0.001
199 -0.000  0.001
200  0.000  0.001
201  0.001  0.001
202  0.001  0.001
203 -0.000  0.001
204  0.001  0.001
205  0.002  0.001
206  0.000  0.001
207  0.004  0.001
208 -0.002  0.002
209 -0.014  0.009
210 -0.055  0.030
211 -0.270  0.079
212 -0.134  0.056
213  0.006  0.019
214 -0.100  0.059
215 -2.666  1.505
216 -0.037  0.225
217  0.020  0.013
218  0.022  0.011
219 -1.002  1.072
220 -0.834  0.320
221  0.008  0.005
222  0.053  0.031
223 -0.034  0.024
224  0.004  0.002
225  0.003  0.001
226  0.009  0.002
227  0.002  0.001
228  0.003  0.001
229  0.004  0.002
230  0.001  0.001
231  0.001  0.001
232  0.003  0.001
233  0.002  0.002
234  0.003  0.002
235  0.002  0.003
236 -0.000  0.012
237 -0.003  0.012
238  0.000  0.008
239  0.017  0.030
240 -1.829  0.655
241 -1.143  0.933
242 -0.029  0.140
243  0.030  0.014
244  0.002  0.108
245 -0.014  0.054
246  0.019  0.006
247 -0.000  0.004
248  0.001  0.001
249  0.005  0.002
250  0.003  0.001
251 -0.001  0.002
252  0.000  0.001
253  0.002  0.001
254  0.006  0.001
255  0.001  0.001
256  0.000  0.001
257 -0.001  0.001
258  0.002  0.001
259 -0.000  0.001
260  0.001  0.001
261  0.002  0.001
262  0.000  0.001
263 -0.001  0.001
  0  0.000  0.000
