  1 -19.191  3.723
  1  0.000  0.001
  2  0.000  0.001
  3  0.000  0.001
  4 -0.000  0.001
  5 -0.000  0.001
  6  0.000  0.001
  7  0.000  0.001
  8  0.001  0.001
  9  0.000  0.001
 10 -0.001  0.001
 11 -0.001  0.001
 12  0.000  0.001
 13  0.000  0.001
 14 -0.000  0.001
 15 -0.000  0.001
 16  0.000  0.001
 17 -0.000  0.001
 18 -0.000  0.001
 19  0.000  0.001
 20 -0.000  0.001
 21 -0.000  0.001
 22  0.000  0.001
 23 -0.000  0.001
 24 -0.000  0.001
 25  0.000  0.001
 26  0.000  0.000
 27 -0.000  0.001
 28  0.000  0.001
 29  0.001  0.001
 30  0.000  0.000
 31 -0.000  0.000
 32 -0.000  0.001
 33  0.000  0.001
 34 -0.000  0.000
 35 -0.000  0.001
 36 -0.000  0.001
 37  0.000  0.001
 38  0.000  0.001
 39 -0.000  0.001
 40 -0.000  0.001
 41  0.000  0.001
 42  0.000  0.000
 43  0.000  0.001
 44 -0.000  0.001
 45 -0.000  0.001
 46 -0.000  0.001
 47  0.000  0.001
 48 -0.000  0.001
 49 -0.000  0.001
 50  0.000  0.001
 51  0.000  0.001
 52  0.000  0.001
 53  0.001  0.001
 54  0.000  0.001
 55  0.002  0.001
 56  0.003  0.001
 57  0.014  0.003
 58 -0.063  0.013
 59 -0.022  0.006
 60 -0.266  0.241
 61 -0.036  0.016
 62 -0.036  0.023
 63  0.010  0.004
 64  0.013  0.004
 65  0.017  0.013
 66  0.019  0.007
 67  0.022  0.011
 68  0.005  0.014
 69 -0.011  0.047
 70  0.016  0.011
 71  0.010  0.010
 72  0.002  0.007
 73  0.006  0.004
 74  0.006  0.004
 75  0.002  0.002
 76  0.000  0.002
 77  0.004  0.003
 78  0.002  0.001
 79 -0.001  0.001
 80 -0.000  0.001
 81 -0.000  0.001
 82  0.000  0.002
 83  0.002  0.003
 84 -0.000  0.001
 85  0.000  0.001
 86  0.009  0.004
 87  0.003  0.002
 88 -0.000  0.001
 89  0.002  0.001
 90  0.002  0.002
 91 -0.001  0.001
 92 -0.003  0.001
 93  0.012  0.004
 94  0.005  0.002
 95 -0.000  0.001
 96  0.001  0.001
 97  0.003  0.001
 98  0.002  0.001
 99 -0.007  0.002
100  0.001  0.001
101  0.005  0.003
102  0.009  0.003
103  0.085  0.016
104 -0.041  0.015
105 -0.130  0.150
106 -0.008  0.021
107  0.007  0.005
108 -0.002  0.004
109  0.010  0.004
110  0.006  0.003
111  0.001  0.002
112  0.003  0.001
113  0.006  0.002
114  0.010  0.002
115 -0.004  0.001
116  0.001  0.001
117  0.001  0.001
118  0.000  0.001
119  0.000  0.001
120  0.000  0.001
121  0.000  0.001
122  0.001  0.001
123  0.003  0.001
124  0.005  0.001
125  0.003  0.001
126  0.006  0.002
127  0.008  0.002
128 -0.001  0.003
129  0.014  0.003
130  0.015  0.004
131  0.013  0.005
132  0.047  0.011
133 -0.015  0.035
134 -0.005  0.009
135 -0.018  0.005
136  0.006  0.003
137  0.006  0.002
138  0.009  0.002
139 -0.001  0.010
140 -1.400  0.614
141 -0.116  0.083
142 -0.002  0.008
143  0.000  0.004
144  0.004  0.002
145  0.011  0.005
146  0.004  0.001
147  0.010  0.006
148  0.003  0.021
149  0.671  0.837
150 -0.051  0.045
151 -2.164  0.748
152 -0.627  0.377
153 -0.021  0.023
154 -0.058  0.052
155 -1.053  0.223
156 -0.032  0.024
157 -0.034  0.014
158 -0.027  0.011
159 -0.003  0.003
160 -0.004  0.001
161  0.004  0.001
162 -0.006  0.004
163  0.001  0.002
164  0.003  0.003
165  0.002  0.002
166  0.002  0.002
167 -0.000  0.001
168  0.000  0.001
169 -0.001  0.001
170  0.001  0.001
171  0.001  0.001
172  0.002  0.001
173  0.004  0.002
174  0.004  0.001
175  0.002  0.002
176  0.003  0.001
177  0.008  0.002
178  0.028  0.005
179 -0.001  0.001
180  0.003  0.002
181 -0.001  0.002
182  0.002  0.001
183  0.006  0.002
184 -0.000  0.003
185  0.017  0.004
186  0.005  0.005
187  0.325  0.138
188 -0.060  0.030
189 -0.694  0.273
190 -0.076  0.027
191 -0.146  0.087
192 -1.133  0.493
193 -2.175  0.457
194 -2.417  0.694
195 -3.730  0.691
196 -1.079  0.225
197 -0.045  0.050
198 -0.108  0.075
199  0.033  0.082
200 -0.102  0.057
201 -0.006  0.024
202  0.051  0.022
203 -0.013  0.007
204  0.014  0.005
205  0.009  0.025
206 -0.018  0.005
207  0.001  0.002
208  0.000  0.001
209  0.000  0.001
210  0.009  0.003
211  0.004  0.002
212  0.002  0.001
213  0.002  0.001
214  0.006  0.002
215  0.002  0.002
216 -0.004  0.001
217  0.006  0.002
218  0.002  0.001
219  0.004  0.002
220 -0.002  0.001
221  0.001  0.001
222  0.001  0.001
223  0.004  0.001
224  0.019  0.004
225  0.012  0.004
226 -0.017  0.010
227  0.009  0.022
228 -1.961  0.508
229 -0.129  0.048
230 -1.339  0.407
231  0.022  0.014
232  0.014  0.006
233  0.003  0.003
234 -0.002  0.005
235 -0.006  0.005
236  0.010  0.002
237  0.033  0.005
238  0.008  0.003
239  0.005  0.002
240  0.003  0.001
241  0.006  0.002
242  0.006  0.002
243  0.012  0.003
244  0.007  0.004
245 -0.018  0.008
246 -0.080  0.022
247 -0.174  0.061
248 -1.119  0.410
249 -0.082  0.034
250 -0.323  0.298
251  0.046  0.030
252  0.010  0.005
253 -0.001  0.004
254 -0.001  0.001
255  0.002  0.002
256  0.006  0.002
257  0.002  0.002
258  0.001  0.001
259  0.006  0.002
260  0.002  0.002
261  0.001  0.001
262  0.001  0.001
263  0.007  0.002
264  0.003  0.001
265  0.016  0.003
266 -0.014  0.004
267 -0.013  0.010
268 -0.061  0.033
269  0.025  0.040
270 -0.228  0.213
271 -0.131  0.063
272 -0.240  0.094
273 -1.488  0.621
274 -0.466  0.218
275  0.031  0.029
276 -0.200  0.076
277 -0.729  0.396
278  0.016  0.013
279  0.021  0.008
280  0.114  0.084
281  0.008  0.003
282  0.015  0.008
283  0.003  0.002
284  0.010  0.003
285  0.007  0.002
286  0.014  0.006
287 -0.085  0.123
288 -0.014  0.011
289  0.013  0.004
290  0.009  0.007
291 -0.009  0.017
292 -0.001  0.004
293 -0.003  0.005
294  0.054  0.060
295 -0.035  0.028
296  0.003  0.009
297  0.005  0.014
298 -0.635  0.444
299 -0.014  0.067
300 -0.006  0.007
301 -0.064  0.042
302 -0.487  0.239
303  0.035  0.012
304  0.003  0.006
305 -0.013  0.017
306  0.011  0.004
307  0.003  0.002
308  0.018  0.005
309  0.006  0.002
310  0.000  0.001
311  0.004  0.002
312  0.004  0.002
313  0.002  0.001
314  0.010  0.002
315  0.009  0.003
316  0.008  0.004
317 -0.002  0.006
318 -0.030  0.010
319 -0.033  0.011
320 -0.118  0.042
321 -1.534  1.745
322  0.002  0.014
323  0.003  0.019
324 -0.882  0.349
325 -0.009  0.025
326  0.000  0.004
327  0.005  0.005
328  0.005  0.002
329  0.011  0.006
330  0.012  0.004
331  0.002  0.002
332  0.016  0.005
333 -0.048  0.036
334 -0.005  0.003
335  0.007  0.003
336 -0.011  0.006
337  0.008  0.004
338  0.003  0.002
339  0.008  0.005
340  0.004  0.002
341  0.001  0.001
342  0.004  0.001
343 -0.003  0.001
344  0.001  0.001
345  0.001  0.001
346  0.004  0.002
347  0.003  0.001
348  0.001  0.001
349  0.004  0.001
350  0.005  0.002
351 -0.001  0.001
352 -0.001  0.002
353  0.002  0.001
354  0.016  0.005
355  0.001  0.001
356 -0.001  0.001
357 -0.000  0.001
358  0.010  0.002
359  0.002  0.001
360 -0.000  0.001
361  0.000  0.001
362 -0.002  0.001
363 -0.001  0.001
364  0.002  0.001
365  0.000  0.001
366 -0.000  0.001
367 -0.000  0.001
368 -0.000  0.000
369 -0.000  0.001
370  0.000  0.001
371  0.002  0.001
372  0.002  0.001
373  0.000  0.001
374 -0.003  0.001
375  0.000  0.001
376  0.001  0.001
377  0.000  0.001
378  0.001  0.001
379 -0.000  0.001
380 -0.000  0.001
381 -0.000  0.001
382 -0.000  0.001
383 -0.000  0.001
384  0.000  0.001
385 -0.000  0.001
386  0.002  0.001
387 -0.000  0.001
388  0.001  0.001
389  0.004  0.002
390  0.000  0.001
391  0.000  0.001
392  0.001  0.001
393 -0.001  0.001
394  0.000  0.001
395  0.001  0.001
396  0.000  0.001
397  0.005  0.001
398 -0.003  0.001
399 -0.000  0.001
400 -0.000  0.001
401  0.000  0.001
402 -0.000  0.001
403  0.001  0.001
404 -0.001  0.001
405 -0.000  0.001
406  0.000  0.001
407 -0.000  0.001
  0  0.000  0.000
